4
7
2 2 2 2
1
3
0
0  0.3694734310904856
1  0.6305265689095144
1
2
0
0  0.4156699670444275
1  0.5843300329555724
1
4
0
0  0.07453884794570187
1  0.9254611520542981
2
2  3
25
0  0  0.051016440083197924
0  1  0.30636336526727603
1  0  0.642620194649526
1
1
0
0  0.993267299018737
1  0.006732700981263135
2
1  3
0
0  0  0.04704761040132629
0  1  0.681984592421082
1  0  0.15743207704355805
1  1  0.1135357201340337
3
1  2  3
0
0  0  0  0.05641286223883801
0  0  1  0.05693334807546358
0  1  0  0.022924483201014822
0  1  1  0.06300009846336159
1  0  0  0.1880227410812372
1  0  1  0.0635046507816966
1  1  0  0.2507574262153118
1  1  1  0.29844438994307626
