10
9
2 3 3 3 4 3 2 4 3 3 
2
5  7
50
0  0  0.052452902587793414
0  3  0.17518469928078415
1  0  0.021743583005374864
1  2  0.13637062040688006
1  3  0.31222372370179624
2  0  0.3020244710173713
2
3  7
25
0  0  0.11545256634371968
0  1  0.06076434631173542
0  3  0.03749928757982233
1  1  0.1323739821100954
1  2  0.27567750496441695
1  3  0.007858243540810753
2  0  0.20397003811017397
2  1  0.14612593356478523
2  2  0.020278097474440062
2
0  7
50
0  0  0.16110208369553844
0  1  0.4882698247807899
1  0  0.02352716668776474
1  2  0.32710092483590686
2
6  7
25
0  0  0.021124265400041094
0  2  0.27631243733246563
0  3  0.08898284374441962
1  0  0.3217179258365873
1  1  0.2840337545248769
1  2  0.007828773161609494
2
6  9
50
0  2  0.027118260960111128
1  0  0.17874968063329802
1  1  0.7941320584065908
2
7  8
75
0  0  0.33438771577298065
1  0  0.24824942160206614
1  1  0.41736286262495315
2
2  3
0
0  0  0.22609203393071495
0  1  0.0599073952206495
0  2  0.08513672934491533
1  0  0.21419109284072493
1  1  0.16942541943484182
1  2  0.0005494116745215931
2  0  0.05672349005533891
2  1  0.006806549350673366
2  2  0.18116787814761964
2
1  7
75
0  1  0.1568764421137871
0  2  0.2985729880910677
1  0  0.5445505697951453
2
4  6
50
0  0  0.47558498284583345
2  0  0.09872174724619617
2  1  0.37772800131480605
3  0  0.047965268593164405
