4
7
5 5 3 3
1
3
10
0  0.48553847276747025
1  0.0840489490149187
2  0.4304125782176111
2
1  2
10
0  0  0.05212223188780483
0  2  0.05690172513916189
0  3  0.008810947690438697
0  4  0.02930460480331074
1  0  0.039247789912417216
1  1  0.04086742411421429
1  2  0.07395747444487581
1  3  0.012687715716085273
1  4  0.04656586665994118
2  0  0.016354781430871868
2  1  0.02180942781532449
2  2  0.06598757993998125
2  3  0.007549955395597188
2  4  0.011227265539554956
3  0  0.021539795167773785
3  1  0.17102157654784242
3  2  0.002009697098269929
3  3  0.059459071805570814
3  4  0.04064072602070643
4  0  0.005415096182356113
4  1  0.005999006966441663
4  2  0.05505963964757555
4  3  0.15546060007388388
2
3  4
10
0  0  0.12439801543943142
0  1  0.1968810010402774
0  2  0.35569792014746193
1  0  0.05460635459006339
1  1  0.020115874140894274
1  2  0.06278683344449762
2  0  0.047446419501597115
2  1  0.07524331871703188
2  2  0.06282426297874509
1
4
10
0  0.610048195793378
1  0.033041135895449256
2  0.3569106683111727
2
2  3
10
0  0  0.13859495696092802
0  1  0.09406229501024493
0  2  0.16802162965659548
1  0  0.02363618708837435
1  1  0.04359795581360477
1  2  0.010771514865632761
2  0  0.036596127507847735
2  1  0.05844935885896666
2  2  0.062097088525842066
3  0  0.055039060634910236
3  1  0.06525809461054782
3  2  0.19921359800958754
4  0  0.02685672193809999
4  1  0.017805410518817556
1
1
10
0  0.1885568228681214
1  0.03756634945703678
2  0.6146609581181622
3  0.10350735694070912
4  0.05570851261597032
1
2
10
0  0.19953253935049733
1  0.06298606070374418
2  0.33441982672518616
3  0.32979683993008707
4  0.07326473329048536
